R2: -0.02642645905794394
MAPE: 0.24636406922306037
MAE: 35994298.04120688
MSE: 2210668671147840.0
